0,93,69,88,15,33,94,99,5,56
93,0,24,22,30,22,26,10,27,96
69,24,0,87,30,22,18,27,17,83
88,22,87,0,26,14,36,21,24,95
15,30,30,26,0,7,20,32,28,34
33,22,22,14,7,0,20,16,66,85
94,26,18,36,20,20,0,16,8,17
99,10,27,21,32,16,16,0,59,62
5,27,17,24,28,66,8,59,0,77
56,96,83,95,34,85,17,62,77,0
